time,x,y,z,phi,theta,psi,x_velocity,y_velocity,z_velocity,phi_velocity,theta_velocity,psi_velocity,rotor_speed1,rotor_speed2,rotor_speed3,rotor_speed4
0.06,-8.247930353718038e-07,-9.111119031760293e-08,10.00383988974178,6.282929093585317,0.0006110923396356327,0.0,-6.556673837995551e-05,-1.4755052187152737e-05,0.12798979667719992,-0.014583471679428512,0.02524428916429012,0.0,444.02959230126015,446.09529692583845,446.9146042217706,445.72465241264194
0.12000000000000001,-2.4819437196153155e-05,-1.0464439966583985e-05,10.016438345291807,6.28199333795202,0.001808931548779924,0.0,-0.0008887043446060467,-0.00043185470835367277,0.2919301438774648,-0.0177017761497717,0.0064656922284474965,0.0,457.7317917580275,456.23515760905536,456.67669376490386,456.4280421199095
0.18,-0.00011489126724753875,-6.354599384503157e-05,10.035810534311404,6.280799317571379,0.002256805844634613,0.0,-0.0021539961873441294,-0.0014458142704405234,0.3537916168061194,-0.024705860261144488,0.009391060043415524,0.0,423.9130652983314,424.16421594471666,425.7192144718821,425.1195897253921
0.23999999999999996,-0.0002949201811686365,-0.000207215947878551,10.060793940001295,6.279374772780095,0.0030392443463798102,0.0,-0.003918914529943956,-0.0034966738073764457,0.4789431863524011,-0.021882187105120462,0.019489791338435196,0.0,444.77506688512926,445.60113315116274,444.61979313217984,444.85096860007246
0.3,-0.0006041611002864816,-0.0005094049854992162,10.094641390461069,6.277907035684265,0.0038440883522756764,0.0,-0.006504525886588218,-0.006731606702937218,0.6492223520829262,-0.030198067842406393,-0.0029234824892663287,0.0,459.8191031305803,458.0402737735751,459.25156410819085,458.59152000219166
0.36000000000000004,-0.001091517164578908,-0.0010554197601604699,10.141267553196254,6.276173805167598,0.004048710699922076,0.0,-0.009744762492364924,-0.011689440151793733,0.904814631380133,-0.026386841218889057,0.013759490761766843,0.0,483.30732315117297,484.562863922666,484.3804914031547,484.66681335601373
0.4200000000000001,-0.0017822219177576367,-0.0019397915949495121,10.202936389719808,6.274395897822627,0.005412983224100998,0.0,-0.013418419508590594,-0.017994557561278123,1.150596355715508,-0.0370719030190107,0.036415715232603035,0.0,480.359074675938,482.07386939045807,482.76598484769494,481.9589651798498
0.48000000000000015,-0.002714765492000395,-0.0032172605348226163,10.27580803770954,6.272147588517523,0.008985793164224987,0.0,-0.01799245912391375,-0.02482375558210321,1.27831971110957,-0.038283701547442456,0.08562062627732676,0.0,444.62113464468865,448.635822575417,447.32285786271484,447.2235231059545
0.5400000000000001,-0.003977658631097176,-0.004917523829114472,10.353233882646064,6.269601347218003,0.014687087937321763,0.0,-0.024599902426565096,-0.03206964946006253,1.3025062107713887,-0.052403221942800844,0.10918459476794151,0.0,412.4533012966327,414.53712121435944,414.8022997216492,413.55943696361726
0.6000000000000002,-0.005809156945718069,-0.0071578138929735535,10.436086312413703,6.266961471945457,0.021111018187617958,0.0,-0.03716353005986782,-0.04291884945725585,1.459037533761069,-0.031006793722349064,0.10245363235301772,0.0,456.17389314554265,455.6458751223996,455.66635285088364,457.37228607074746
0.6600000000000003,-0.008573352001796217,-0.010130961510233627,10.529985367969944,6.2648005704125485,0.027150789155061972,0.0,-0.055692472822938564,-0.0564163122617527,1.6706245387788468,-0.04861146901690681,0.09681978744412639,0.0,474.15757611877757,473.7326570560799,472.9927917447512,471.63460926773433
0.7200000000000003,-0.012583856546071638,-0.013963360119058072,10.636219293395477,6.262144365512317,0.03361273572129786,0.0,-0.07870557251960096,-0.07164803488895187,1.8701725892311611,-0.03676014152483955,0.12350743388244811,0.0,468.89736504307143,470.9750438311336,470.06595894439016,470.9823520892964
0.7800000000000004,-0.018016249432044978,-0.018697019926493853,10.751048674854982,6.260195539570974,0.04123992505512675,0.0,-0.1031226028312964,-0.08634374916784023,1.957294182941018,-0.025062814115911325,0.1335047747755138,0.0,435.0939357121505,435.9451010664071,436.84163816783104,437.8154473683294
0.8400000000000004,-0.025021134838853893,-0.02432266645200474,10.869948171346742,6.258716586942889,0.04895419857787253,0.0,-0.13111459639701623,-0.10131594840084215,2.0058990305434867,-0.023834679073636723,0.11622916077588481,0.0,424.69523331078506,423.2267785750471,424.70661444930954,424.8118110257359
0.9000000000000005,-0.03418935736211368,-0.031040567608178003,10.998463339065289,6.257138469253924,0.05718832580814226,0.0,-0.1754582831232022,-0.12279142281247896,2.2773783992435823,-0.031759112481297175,0.16186224185808618,0.0,490.62000736566085,494.01039773103827,492.7913740719112,492.20521521568145
0.9600000000000005,-0.04596847001154607,-0.03896762203639675,11.13863510551698,6.255303301461478,0.06666860841656774,0.0,-0.21816955788590325,-0.14163134830851087,2.394702035220896,-0.028338102644444526,0.1489010461912176,0.0,448.52735743810456,447.4968710650196,447.55041181056845,447.8284505789256
1.0200000000000005,-0.060608881448029894,-0.04810316517365211,11.28729601385194,6.25429954165293,0.07598505436614911,0.0,-0.2708415345953558,-0.16301843179730122,2.560219862867296,-0.0001395061706598623,0.1656641798426042,0.0,463.0373336195354,464.37561513793935,461.76009677069,463.9791911775274
1.0800000000000005,-0.07829704875035556,-0.058416429955774764,11.441676924822888,6.254832052450267,0.08578947544839544,0.0,-0.31965806050275314,-0.18072593619616523,2.5856709128005817,0.022596993841856775,0.15846767367871806,0.0,420.25263800727026,419.65552757558885,418.88409490095177,420.8565678039048
1.1400000000000006,-0.09945988801415968,-0.06989539479886377,11.601743050027954,6.256069096030931,0.09504992195882522,0.0,-0.38678380112239447,-0.20174860634780475,2.7493808493996976,0.01633140840718007,0.1444649176307769,0.0,463.5529760749995,462.47266173536866,465.2277352653042,464.7368631671133
1.2000000000000006,-0.12457810813732087,-0.08253178313257338,11.768746428145658,6.256912535774225,0.10353108252370635,0.0,-0.45130879979299915,-0.21936911440368118,2.817134833394594,0.009069918136079064,0.13426998494263756,0.0,435.7266751930379,434.8925421982516,435.26405467931545,434.65581962934397
1.2600000000000007,-0.15375891086026106,-0.09621655016842998,11.940043147012164,6.257208723395678,0.11121573165444953,0.0,-0.5221434654950051,-0.23674015463378217,2.8924625314436994,-0.004974711102852446,0.1113186664878,0.0,439.375474143008,437.4834609239578,438.4432433297492,437.27476016383866
1.3200000000000007,-0.18739227356448715,-0.11095239337038981,12.116320208584789,6.257340608329347,0.11780043466182999,0.0,-0.5996106586964173,-0.2544523470421796,2.9831025206554926,0.013652898971359118,0.10639903239238706,0.0,443.26778448945583,442.87398112957857,443.45891460819513,444.98639360942576
1.3800000000000008,-0.22589227364587447,-0.1267626637232782,12.298727762288975,6.25791529461436,0.12387026624360509,0.0,-0.6843386316698523,-0.27247318328497094,3.0967375864898035,-0.00016204606656648832,0.08783001180698626,0.0,451.7899094083676,450.29877115579967,452.6795792239497,451.5664130662914
1.4400000000000008,-0.26955585647504576,-0.14363566012531395,12.487580965548709,6.257377607401432,0.12887076534046127,0.0,-0.7716083870375281,-0.2899663582514239,3.19798576469596,-0.03937046369375877,0.0723831930482553,0.0,449.07928286094057,447.8300658343403,450.2968857018686,447.11380256950184
1.5000000000000009,-0.31833514027563625,-0.16153396974916293,12.680791572112101,6.254880876514202,0.13335901667957106,0.0,-0.8547698671653442,-0.3068661132663926,3.2421424747518865,-0.046520273969423834,0.07925054458704293,0.0,431.1780101527417,431.76235831460707,431.11753255437685,430.51197278513985
1.560000000000001,-0.37232071881066164,-0.18052230004555173,12.877586325799296,6.251957761790841,0.13813879196539958,0.0,-0.9451936730407547,-0.3263498778796605,3.3173466641884204,-0.05352213715605612,0.08047468351269409,0.0,442.02495915933486,442.13096031581927,441.5498333138905,440.97030126749263
1.620000000000001,-0.43188683047150733,-0.2007520333816136,13.079287654737492,6.248841452704049,0.14267421762489985,0.0,-1.0407844569316858,-0.34828006596103767,3.4056390115589763,-0.048946760711801526,0.0633984693803406,0.0,447.49384422701536,446.1059716753867,446.12347868009056,446.49518807437795
1.680000000000001,-0.4963817086014918,-0.22214221861815425,13.280053868426132,6.246439071102332,0.14679269348942192,0.0,-1.109383431635112,-0.3649196737295373,3.2868340538665297,-0.026448098138493168,0.07747151484660285,0.0,374.79258684380477,376.16243194101594,376.2638569342268,378.43460880842383
1.740000000000001,-0.5658693588897326,-0.24476409008780342,13.479147183265171,6.244584129974042,0.1514092379333336,0.0,-1.207300697655613,-0.3892968296335571,3.349293293130705,-0.0418173779104016,0.07586327620134722,0.0,437.7650106143608,437.6359513578995,440.20480376773963,438.93072117745544
1.8000000000000012,-0.6417148602467552,-0.26898618827683085,13.684506388689876,6.242606546003282,0.155916139368097,0.0,-1.3213176229736363,-0.41832437848048054,3.495411168406507,-0.01942577763341946,0.07357578962802125,0.0,465.27526875713136,465.10029028527947,464.8814192911619,466.6322541614985
1.8600000000000012,-0.7250743117451487,-0.2951350302897794,13.902214432966561,6.240926090136673,0.15983037205909234,0.0,-1.45774581163006,-0.4534288810694756,3.760488013671905,-0.056818455822239586,0.038058171169916326,0.0,502.75299826715064,500.17523831960403,502.88255404794086,500.16621831998503
1.9200000000000013,-0.8156113238279068,-0.3231512077881671,14.128988763883743,6.2376162558982955,0.1623069509231847,0.0,-1.5603731360384296,-0.48074640573431393,3.798402291230211,-0.05204588711809676,0.04703885372221481,0.0,434.68490183008475,435.4378279033747,434.49886152515097,434.89669638418377
1.9800000000000013,-0.9127808590433667,-0.3529851855830025,14.360583240958778,6.23393878805944,0.16511013547956388,0.0,-1.6788558439234396,-0.5140365774066837,3.9208334018105813,-0.09550983100078864,0.04607396868026168,0.0,461.29168648793365,461.2166933161696,464.75264896700975,461.32992361218913
2.0400000000000014,-1.0163843473441514,-0.3846826055369736,14.595077734710268,6.228232869192711,0.16799481802029614,0.0,-1.7748670228486596,-0.543020403997409,3.895589028552926,-0.09428931295145303,0.05181064840512278,0.0,415.8118385969298,416.31571847895333,415.2773330146932,415.3760070825916
2.1000000000000014,-1.1264906670107944,-0.4184402194355531,14.832060647619617,6.222485638642567,0.17064803650668825,0.0,-1.8956052602531352,-0.5827918183577869,4.003263625944299,-0.09896252703887908,0.0212750519616249,0.0,460.35482982177547,457.9329958653299,459.0617040348058,458.6831869841342
2.1600000000000015,-1.2439243368034016,-0.4547142302882313,15.075639770489566,6.216733920244209,0.17184867128815906,0.0,-2.018936436282135,-0.6269155799293333,4.115457399005475,-0.09029177938485648,0.017353709350386513,0.0,460.8543107891999,460.54418504791994,462.1210783118587,462.796629503231
2.2200000000000015,-1.3687892907455408,-0.49375385916772774,15.325921211138052,6.211157897189725,0.1729245822300438,0.0,-2.143297102705091,-0.6749389186942257,4.226661001511221,-0.09881942440641436,0.019063689075558953,0.0,462.73552309219275,462.87004558311577,462.5109662258292,461.83181269683166
2.2800000000000016,-1.5015354790271653,-0.535954887780427,15.585061444040049,6.204722917959661,0.17417711348571796,0.0,-2.2816189458128675,-0.7323939178799728,4.410412273653701,-0.13499316885024926,0.02427276644725548,0.0,485.56617601545025,485.95678405434273,486.6229732852585,483.89744434030393
2.3400000000000016,-1.6416672991943781,-0.5813290209441384,15.849804307240863,6.196647962986031,0.1754979049997063,0.0,-2.3895994214143035,-0.7807753763786619,4.414129685583049,-0.13377468435888326,0.017061143225727618,0.0,431.92049481608984,431.3118106426861,431.41478243690347,431.50036563359987
2.4000000000000017,-1.7886403116884608,-0.6299101559177274,16.116589606288823,6.189484731830603,0.17700110790666645,0.0,-2.5096199015685663,-0.8392859230718676,4.478222887665481,-0.10009006150834794,0.0375410281879926,0.0,450.21776458398597,451.8720353047468,450.6649418005244,453.36642866370886
2.4600000000000017,-1.9425836560408445,-0.6819895334545291,16.385659160748386,6.183077928392494,0.17958965582636655,0.0,-2.62207300031586,-0.8972228265129691,4.4904709716839095,-0.12554465209022572,0.052482169702381065,0.0,435.63749447761177,436.88626032993415,436.64562546983643,434.50588282640604
2.520000000000002,-2.1037812435661714,-0.7379125014720456,16.657867955879297,6.1750438793013664,0.18271919545010462,0.0,-2.751462051229605,-0.9675901105278384,4.582449030914479,-0.16115209427941882,0.051504923949897474,0.0,461.82909841267326,461.7536511260659,463.6182869962595,460.79489784077373
2.580000000000002,-2.2722334372873108,-0.797882054734832,16.932418194679727,6.165537864590419,0.18557113617130838,0.0,-2.86391802705514,-1.032196317753391,4.568964019148998,-0.15349224922031138,0.03809058232303959,0.0,430.2286048725296,429.0925755046043,429.35681943829337,429.9814990158738
2.640000000000002,-2.4480836089983575,-0.8622622150002035,17.2092320223373,6.156350834150672,0.18830020294765948,0.0,-2.9979793908751944,-1.1146594861429564,4.657411804853806,-0.1523783071969973,0.05721915918651814,0.0,461.8319381021561,463.33951271387366,463.40448746700645,463.4709919000194
2.700000000000002,-2.631931810163314,-0.9316938801450046,17.49068056457949,6.147319814038855,0.19256380987441535,0.0,-3.1306572703495807,-1.2005386859791316,4.723488968418793,-0.14703661618934438,0.08985505026615832,0.0,456.6054387434377,459.2054599990612,457.2032023671633,457.6080317381896
2.760000000000002,-2.8240538204825176,-1.0065979806110306,17.777094378754313,6.138181789343774,0.19827562423493905,0.0,-3.2739161333527615,-1.2970674320976554,4.822667881138511,-0.16572158824134314,0.10416664576749275,0.0,468.8559645726692,469.9738079660462,470.36440463363647,468.8940815429326
2.820000000000002,-3.0239652244596384,-1.0867995970658355,18.064785397435298,6.129611169101723,0.20462090788627574,0.0,-3.3903765143908897,-1.3770261498807002,4.766800308982581,-0.11695027939091487,0.10875299656227234,0.0,421.8020808832178,422.2084677196394,418.6296564791747,422.8305190707503
2.880000000000002,-3.231368891294491,-1.1722108972956,18.350898334207002,6.122968440940227,0.2119658791372947,0.0,-3.5237165458052124,-1.4705564284188146,4.769741628315435,-0.1005006491326495,0.14103644573109264,0.0,439.5494157600431,442.2302545521975,441.74353132597525,443.08707496856624
2.940000000000002,-3.4472563062131427,-1.2635911796232195,18.638636917734882,6.117029143503906,0.22055982482909098,0.0,-3.673299266427504,-1.5759098344214453,4.820663457127353,-0.09612539551892726,0.14729323788241078,0.0,458.4779827791805,458.993307496452,457.94192083749476,458.28176333467866
3.000000000000002,-3.6724192166318934,-1.3614864979917596,18.929876090822443,6.112425404115552,0.22914297781810777,0.0,-3.8329138528484394,-1.6876232995647125,4.886310073080482,-0.05326366734137808,0.13284222243306262,0.0,464.60045976144715,463.4838683070288,464.2176437365595,467.5642337482969
3.0600000000000023,-3.9073104922224293,-1.4661391702068427,19.22485026698189,6.109830680172493,0.23738316528654657,0.0,-3.997518330403432,-1.8009464669427402,4.945216542440344,-0.02837567516918061,0.1450698095442561,0.0,463.58978939742684,464.5662289463963,464.7598136706528,466.7056417031943
3.1200000000000023,-4.152063280329372,-1.5774940028060829,19.522499361523877,6.108429789826118,0.24577036350200654,0.0,-4.161666696978248,-1.9109190759064383,4.975598762223492,-0.014824508247399087,0.12629811612861075,0.0,458.7173484369732,457.2412692177,457.22851964558174,458.3069997942808
3.1800000000000024,-4.406164284167789,-1.6950039247926327,19.819281130772577,6.107483478778384,0.2533120988527875,0.0,-4.30906066521079,-2.0061409913746666,4.916822138576513,-0.017737135873968635,0.12446375345807599,0.0,429.84047064556904,429.6999227638732,430.62650553436197,430.3800870492166
3.2400000000000024,-4.6697193900124665,-1.8185563636998465,20.114250985962347,6.106849861624504,0.2609897313735843,0.0,-4.476792472346713,-2.112277528488907,4.914850582105925,0.0008990761720668195,0.13416334772064303,0.0,449.74090436379777,450.5406568543646,448.8317832581408,450.34215534453875
3.3000000000000025,-4.94267700665948,-1.9479457238970892,20.406025449499804,6.108036618866663,0.26951851946951066,0.0,-4.622562680927357,-2.2006822613411003,4.810865320269194,0.04286344416270518,0.1546121662562106,0.0,415.30976490998876,417.1198690775917,415.164672970177,418.8314186337251
3.3600000000000025,-5.225432821386514,-2.0831805315891883,20.694692456768156,6.110665285055628,0.2789807894126879,0.0,-4.803460747465006,-2.3068480013654367,4.810638794197881,0.04564155802592396,0.16325860457046376,0.0,451.74671994136673,452.4665711232805,452.20499717214096,452.42981631330423
3.4200000000000026,-5.519156435857865,-2.2246896071463764,20.983001847062603,6.1143512741301755,0.2889808976474777,0.0,-4.988198062456276,-2.4097783443098177,4.798963482071628,0.08199377968029953,0.1727316082474862,0.0,449.8906718022549,450.683252812912,448.424578211951,451.37091269641024
3.4800000000000026,-5.8244999178169135,-2.3724921565509707,21.271639134302337,6.119727971622012,0.29891142650261227,0.0,-5.190810789187271,-2.5164180432440655,4.821350694310879,0.10162628401908597,0.14439982659855669,0.0,463.63919422098144,461.43178125020415,462.176404332492,463.7276994031957
3.5400000000000027,-6.141736707342142,-2.5263488812912396,21.560052656845915,6.125927695626602,0.30712206602959213,0.0,-5.3845374271418605,-2.6116160304215965,4.791866497481487,0.10653050244010598,0.11410795303784647,0.0,448.83281872672245,446.3836195911174,447.6207110015581,448.02890540085644
3.6000000000000028,-6.470559960054122,-2.68571960168849,21.84600310238076,6.131921688125827,0.3140422788083832,0.0,-5.5769397927455,-2.70026882189144,4.73942661414539,0.0813808428357663,0.11768582697198844,0.0,440.9276660455352,441.23520270289526,442.3753005170828,440.3074146341214
3.660000000000003,-6.812737623815493,-2.851087560057572,22.133776421909324,6.136892918028423,0.3209575762095813,0.0,-5.8295490745682015,-2.811349912162719,4.851566667509681,0.08564637640749506,0.10989179787825377,0.0,494.6477844185173,494.0837358965073,494.83612391862005,495.1548991624123
3.720000000000003,-7.168411305796378,-3.022220217177599,22.422731572230656,6.141868712750586,0.32778460779452967,0.0,-6.026961581879065,-2.8927237563635693,4.779914936847959,0.07685697751058876,0.12060498629878949,0.0,438.18204825138963,439.0836234622665,439.392416082557,438.66862059472766
3.780000000000003,-7.536722837020162,-3.1984312567464888,22.70917649727919,6.146269806146059,0.33535844766318057,0.0,-6.250802413343622,-2.9805708375150717,4.767439219984023,0.06521568487649625,0.13559842488101392,0.0,458.56373201474656,459.76730901310975,460.2389208461062,459.3203382837678
3.840000000000003,-7.918320413306077,-3.379719777636511,22.993873675869978,6.151290440816911,0.3437874179226075,0.0,-6.469922286553581,-3.0620123438610842,4.721777330598268,0.10642909068872063,0.1487911205789916,0.0,449.3339135248034,450.42037264342156,449.2185908301074,452.55407884661986
3.900000000000003,-8.312469452990422,-3.5655321435447167,23.273586368158323,6.15749967555514,0.3529519304954647,0.0,-6.6693124769394405,-3.131368878995249,4.601722038478567,0.09684309147573046,0.1596513365295842,0.0,425.74311474006214,426.69454539411913,427.0183798625115,426.20939553366094
3.960000000000003,-8.718948142351021,-3.7554928713371076,23.546504922771273,6.163411466239319,0.36252140403087907,0.0,-6.880933750073216,-3.200290241270603,4.495131393163407,0.10170390793063695,0.1591694963300967,0.0,432.7004080219485,432.68473990544453,430.82284413204127,431.24240407886975
4.020000000000002,-9.138932419763565,-3.949704102428661,23.81453654713988,6.1698497318566226,0.37163884193261065,0.0,-7.11945567811099,-3.272938115239257,4.438461197249541,0.11663830290417883,0.13089354079353724,0.0,450.62864212921943,448.35741883066515,450.0016591352365,451.21908093287414
4.080000000000001,-9.574463224203727,-4.148475877878181,24.081693719346962,6.1764751498560955,0.3795790215807937,0.0,-7.3989713492295754,-3.3521306905285972,4.465475561697501,0.09357511581304348,0.13507330370218384,0.0,479.29943135906683,479.63174644125365,479.587367729982,477.84156282396344
4.14,-10.025787323211448,-4.351578818012647,24.34740573169236,6.181877728638813,0.387461487117263,0.0,-7.6460329693113875,-3.4175801097684038,4.390858941901476,0.08183579018358088,0.12271220582279528,0.0,448.9760581351205,447.98735115804715,449.29706894687894,448.350668398282
4.199999999999998,-10.493127516897504,-4.558783300476573,24.610965773855998,6.187167043881988,0.3949941330685611,0.0,-7.932701766939546,-3.488767482929107,4.393185291206906,0.0984784759973196,0.13067419809320172,0.0,475.21175074010216,475.83499760107753,475.29796238267704,476.5778616171069
4.259999999999997,-10.97684127506205,-4.769936987287247,24.872077427968215,6.1941913846881675,0.4028465070708629,0.0,-8.191993255318604,-3.5492399208315195,4.309773732078446,0.13992199999783345,0.13126695238795605,0.0,449.29440740832916,449.3579818557439,449.4796633360022,452.8379334870106
4.319999999999996,-11.475410995621713,-4.984436418843135,25.125962935209685,6.202765534201665,0.41159318166711145,0.0,-8.428074217828307,-3.600298451916603,4.152766690619974,0.14827540296894334,0.16518575761973878,0.0,424.9828031478387,427.9010701420426,425.6634689051959,426.39789064472296
4.379999999999995,-11.98949602417168,-5.2021088088819445,25.37290990026036,6.211780140062,0.42254303770704116,0.0,-8.709154705604341,-3.654807892137985,4.077701767554306,0.15391022244050978,0.20431992236261542,0.0,453.9427800307962,457.1030541541468,455.9096988703169,456.3803814351389
4.439999999999993,-12.519414766700304,-5.422727478942446,25.612351401995003,6.221382956028721,0.43542033865106067,0.0,-8.956074904286256,-3.69865431881117,3.903077757457795,0.17011711536273094,0.2297889120570191,0.0,422.58080290160416,424.8183286609989,422.7586408942993,424.1787113353231
4.499999999999992,-13.06722825254636,-5.646233756964421,25.84718854252281,6.231499585476376,0.44882963521957997,0.0,-9.305473052845386,-3.7506350164550755,3.922599794395315,0.16541759128486203,0.20633063644427438,0.0,492.2908154833105,490.59526998974815,491.26976393706536,490.9453340208148
4.559999999999991,-13.635194313935028,-5.872571648329602,26.080631396068156,6.241448216147315,0.46184033635850064,0.0,-9.62786572669689,-3.793232013592761,3.857161990419735,0.16658394039171828,0.23224572136070257,0.0,468.2208849751339,470.2762183644488,467.4522007919403,467.56787321846053
4.6199999999999894,-14.222581453283837,-6.101306233916493,26.30948484210091,6.251616675987201,0.47638318491868503,0.0,-9.952914007171389,-3.830555039555197,3.7695240337146534,0.17469871709500623,0.25736040860528625,0.0,464.1305827103462,466.1530706919199,464.28686247801454,464.9493640676325
4.679999999999988,-14.828323326238754,-6.332058458899318,26.53002542047121,6.262098565112344,0.49176101964089547,0.0,-10.239851521215314,-3.860644161730806,3.580647131132952,0.17469702377175783,0.25408638288200547,0.0,433.50525228448885,433.29781100587667,433.47287249291327,433.5029410190261
4.739999999999987,-15.452356234078621,-6.5645354666833855,26.740466539245798,6.272971891953359,0.5068013262930275,0.0,-10.562541883591058,-3.8879667844811086,3.4323987868229042,0.19181354390074692,0.24279648537241041,0.0,451.1833730121066,450.33258409453987,450.8393613428792,452.2515530489047
4.799999999999986,-16.094890504121565,-6.798507191559316,26.939665976938404,0.0014103923216008951,0.5216475117502508,0.0,-10.856696729619369,-3.9105606152667174,3.206450388246156,0.19730591226206262,0.25537919788328284,0.0,425.6304928898561,426.77029522216714,426.9143381735883,427.4211125315881
4.859999999999984,-16.756590538299747,-7.033719620066834,27.127185935976968,0.013236647004111646,0.5372691537944423,0.0,-11.201282316866607,-3.9292075027345907,3.0423115439034336,0.19669850909177375,0.26880229680404033,0.0,452.0178600022411,453.16521333665696,452.71419264610813,452.70249772296694
4.919999999999983,-17.441322136275296,-7.269868178250536,27.30794630990552,0.02588986634832846,0.5532049312727567,0.0,-11.624180242043549,-3.94158172750988,2.979972126692815,0.22998934454707004,0.2582770034391206,0.0,493.3986128467231,492.68409205591365,491.23602354636006,493.73707829324513
4.979999999999982,-18.151034583187005,-7.506614064640358,27.483365824162117,0.04011407715344539,0.5688795031546086,0.0,-12.034045188544221,-3.9491210735294615,2.864567854436882,0.2483866940790965,0.26658678941173797,0.0,481.4237796805673,482.1151098390764,480.9064777354394,482.34928467100883
5.0399999999999805,-18.883386568675384,-7.743790335113176,27.64789853182524,0.05469768499235972,0.5845041757739571,0.0,-12.37912829937347,-3.9561470031992,2.6180147129419757,0.22944237512613766,0.24374648795471454,0.0,441.260801727098,439.4388374834158,442.12197585390874,440.6169099923548
